              precision    recall  f1-score   support

           0       1.00      0.60      0.75         5
           1       0.33      0.50      0.40         4
           2       0.33      0.67      0.44         6
           3       0.00      0.00      0.00         4
           4       0.71      0.83      0.77         6
           5       0.50      0.20      0.29         5
           6       0.00      0.00      0.00         3
           7       0.00      0.00      0.00         2
           8       0.50      0.33      0.40         3
           9       0.12      0.20      0.15         5
          10       0.57      1.00      0.73         4
          11       0.50      0.40      0.44         5
          12       0.33      0.33      0.33         3
          13       0.00      0.00      0.00         5
          14       0.44      1.00      0.62         4
          15       0.60      0.60      0.60         5
          16       0.00      0.00      0.00         5
          17       1.00      0.25      0.40         4
          18       0.75      0.50      0.60         6
          19       1.00      0.20      0.33         5
          20       1.00      0.60      0.75         5
          21       0.67      0.33      0.44         6
          22       0.33      0.25      0.29         4
          23       1.00      0.17      0.29         6
          24       0.50      0.80      0.62         5
          25       0.00      0.00      0.00         3
          26       0.60      0.50      0.55         6
          27       0.75      0.60      0.67         5
          28       0.67      0.40      0.50         5
          29       0.40      0.33      0.36         6
          30       1.00      0.80      0.89         5
          31       0.00      0.00      0.00         3
          32       0.12      1.00      0.22         1
          33       0.00      0.00      0.00         5
          34       0.00      0.00      0.00         0
          35       0.00      0.00      0.00         3
          36       0.00      0.00      0.00         4
          37       0.00      0.00      0.00         3
          38       0.00      0.00      0.00         6
          39       0.11      0.67      0.18         6
          40       0.40      0.33      0.36         6
          41       0.00      0.00      0.00         3
          42       0.00      0.00      0.00         3
          43       0.80      0.67      0.73         6
          44       0.00      0.00      0.00         3
          45       0.00      0.00      0.00         3
          46       0.00      0.00      0.00         3
          47       0.00      0.00      0.00         4
          48       0.00      0.00      0.00         3
          49       0.50      0.50      0.50         2
          50       0.00      0.00      0.00         4
          51       0.27      0.60      0.37         5
          52       0.00      0.00      0.00         5
          53       1.00      0.17      0.29         6
          54       0.83      0.83      0.83         6
          55       0.50      0.50      0.50         4
          56       0.00      0.00      0.00         4
          57       0.36      0.80      0.50         5
          58       0.80      0.67      0.73         6
          59       0.00      0.00      0.00         5
          60       0.00      0.00      0.00         5
          61       0.75      0.50      0.60         6
          62       0.80      0.80      0.80         5
          63       0.00      0.00      0.00         2
          64       0.25      0.20      0.22         5
          65       0.50      1.00      0.67         5
          66       0.00      0.00      0.00         3
          67       1.00      0.50      0.67         6
          68       0.33      0.50      0.40         4
          69       0.20      0.50      0.29         4
          70       0.50      0.33      0.40         6
          71       0.38      0.60      0.46         5
          72       0.75      0.50      0.60         6
          73       0.00      0.00      0.00         2
          74       0.50      0.33      0.40         6
          75       0.14      0.20      0.17         5
          76       0.00      0.00      0.00         0
          77       0.67      0.40      0.50         5
          78       0.00      0.00      0.00         4
          79       0.17      0.20      0.18         5
          80       0.00      0.00      0.00         3
          81       0.00      0.00      0.00         6
          82       0.50      0.83      0.62         6
          83       0.00      0.00      0.00         5
          84       0.00      0.00      0.00         4
          85       0.14      0.20      0.17         5
          86       0.50      0.50      0.50         2
          87       0.00      0.00      0.00         3
          88       0.00      0.00      0.00         2
          89       1.00      0.20      0.33         5
          90       1.00      0.60      0.75         5
          91       0.60      0.60      0.60         5
          92       0.33      0.40      0.36         5
          93       0.67      0.40      0.50         5
          94       0.50      0.33      0.40         6
          95       0.43      0.60      0.50         5
          96       0.60      0.60      0.60         5
          97       0.62      0.83      0.71         6
          98       0.00      0.00      0.00         4
          99       0.00      0.00      0.00         4
         100       0.00      0.00      0.00         2
         101       0.22      0.40      0.29         5
         102       0.00      0.00      0.00         3
         103       0.50      0.17      0.25         6
         104       0.29      0.40      0.33         5
         105       0.00      0.00      0.00         4
         106       0.00      0.00      0.00         5
         107       0.25      0.17      0.20         6
         108       0.40      0.80      0.53         5
         109       1.00      1.00      1.00         5
         110       0.00      0.00      0.00         5
         111       0.00      0.00      0.00         2
         112       0.33      0.25      0.29         4
         113       0.50      0.40      0.44         5
         114       0.33      0.17      0.22         6
         115       0.00      0.00      0.00         5
         116       0.50      0.17      0.25         6
         117       0.50      0.67      0.57         6
         118       0.00      0.00      0.00         3
         119       0.50      0.20      0.29         5
         120       1.00      0.67      0.80         6
         121       0.80      0.80      0.80         5
         122       0.50      0.50      0.50         2
         123       0.50      0.20      0.29         5
         124       0.50      0.67      0.57         3
         125       1.00      0.60      0.75         5
         126       0.67      1.00      0.80         4
         127       0.00      0.00      0.00         5
         128       0.00      0.00      0.00         2
         129       1.00      0.33      0.50         3
         130       0.40      0.40      0.40         5
         131       1.00      0.60      0.75         5
         132       0.00      0.00      0.00         2
         133       0.00      0.00      0.00         4
         134       0.00      0.00      0.00         6
         135       1.00      0.33      0.50         6
         136       0.67      0.50      0.57         4
         137       0.22      1.00      0.36         2
         138       0.00      0.00      0.00         3
         139       0.00      0.00      0.00         5
         140       1.00      0.20      0.33         5
         141       0.14      0.20      0.17         5
         142       1.00      0.20      0.33         5
         143       0.50      0.50      0.50         4
         144       0.38      0.50      0.43         6
         145       0.03      0.40      0.05         5
         146       0.57      0.67      0.62         6
         147       0.50      0.60      0.55         5
         148       0.33      0.67      0.44         3
         149       0.50      0.25      0.33         4
         150       1.00      0.40      0.57         5
         151       0.00      0.00      0.00         5
         152       0.00      0.00      0.00         5
         153       0.08      0.33      0.13         3
         154       0.50      0.17      0.25         6
         155       0.00      0.00      0.00         3
         156       1.00      0.17      0.29         6
         157       0.40      0.67      0.50         3
         158       1.00      0.50      0.67         2
         159       0.00      0.00      0.00         3
         160       0.00      0.00      0.00         3
         161       0.00      0.00      0.00         1
         162       0.00      0.00      0.00         3
         163       0.00      0.00      0.00         5
         164       0.22      0.33      0.27         6
         165       0.07      0.67      0.12         6
         166       0.00      0.00      0.00         5
         167       0.00      0.00      0.00         4
         168       0.00      0.00      0.00         5
         169       1.00      0.67      0.80         6
         170       0.00      0.00      0.00         4
         171       0.80      0.67      0.73         6
         172       1.00      0.40      0.57         5
         173       0.00      0.00      0.00         0
         174       1.00      0.25      0.40         4
         175       0.33      0.40      0.36         5
         176       1.00      0.25      0.40         4
         177       0.14      0.67      0.24         3
         178       1.00      0.67      0.80         6
         179       0.00      0.00      0.00         3
         180       0.60      0.60      0.60         5
         181       0.40      0.80      0.53         5
         182       0.56      1.00      0.71         5
         183       0.33      0.25      0.29         4
         184       0.40      0.50      0.44         4
         185       1.00      0.25      0.40         4
         186       1.00      1.00      1.00         6
         187       0.00      0.00      0.00         2
         188       0.33      0.40      0.36         5
         189       0.00      0.00      0.00         5
         190       0.00      0.00      0.00         2
         191       0.00      0.00      0.00         6
         192       0.25      0.60      0.35         5
         193       1.00      0.40      0.57         5
         194       0.67      0.50      0.57         4
         195       0.00      0.00      0.00         4
         196       1.00      0.67      0.80         6
         197       0.00      0.00      0.00         4
         198       1.00      0.50      0.67         4
         199       0.50      0.40      0.44         5
         200       0.60      0.50      0.55         6
         201       0.00      0.00      0.00         4
         202       0.50      0.20      0.29         5
         203       1.00      0.40      0.57         5
         204       0.00      0.00      0.00         1
         205       0.33      0.20      0.25         5
         206       1.00      0.17      0.29         6
         207       0.27      0.50      0.35         6
         208       0.00      0.00      0.00         2
         209       1.00      0.25      0.40         4
         210       0.17      0.20      0.18         5
         211       0.75      0.50      0.60         6
         212       0.00      0.00      0.00         3
         213       0.80      0.80      0.80         5
         214       0.50      0.40      0.44         5
         215       0.00      0.00      0.00         2
         216       0.80      0.80      0.80         5
         217       0.00      0.00      0.00         4
         218       0.00      0.00      0.00         2
         219       0.00      0.00      0.00         3
         220       1.00      0.33      0.50         6
         221       0.80      0.80      0.80         5
         222       0.33      0.33      0.33         6
         223       1.00      0.33      0.50         6
         224       0.10      0.50      0.17         2
         225       0.20      0.20      0.20         5
         226       0.83      0.83      0.83         6
         227       0.17      0.20      0.18         5
         228       0.00      0.00      0.00         4
         229       0.50      0.20      0.29         5
         230       0.00      0.00      0.00         5
         231       0.20      0.20      0.20         5
         232       1.00      1.00      1.00         6
         233       0.30      1.00      0.46         6
         234       0.00      0.00      0.00         6
         235       0.08      0.50      0.13         2
         236       0.00      0.00      0.00         6
         237       0.00      0.00      0.00         4
         238       0.50      0.33      0.40         6
         239       1.00      0.33      0.50         3
         240       0.00      0.00      0.00         3
         241       0.40      0.40      0.40         5
         242       0.33      0.60      0.43         5
         243       0.00      0.00      0.00         0
         244       0.00      0.00      0.00         4
         245       0.00      0.00      0.00         3
         246       0.33      0.25      0.29         4
         247       0.00      0.00      0.00         3
         248       0.00      0.00      0.00         3
         249       0.67      0.40      0.50         5
         250       0.00      0.00      0.00         5
         251       0.00      0.00      0.00         0
         252       0.50      0.20      0.29         5
         253       0.33      0.20      0.25         5
         254       0.20      0.17      0.18         6
         255       1.00      0.17      0.29         6
         256       0.17      0.40      0.24         5
         257       1.00      0.50      0.67         4
         258       0.00      0.00      0.00         4
         259       0.33      0.40      0.36         5
         260       0.50      0.20      0.29         5
         261       0.00      0.00      0.00         3
         262       1.00      0.20      0.33         5
         263       0.00      0.00      0.00         4
         264       0.00      0.00      0.00         4
         265       1.00      0.25      0.40         4
         266       0.00      0.00      0.00         4
         267       0.50      0.40      0.44         5
         268       1.00      0.25      0.40         4
         269       0.00      0.00      0.00         5
         270       0.33      0.25      0.29         4
         271       0.25      0.33      0.29         3
         272       0.00      0.00      0.00         3
         273       0.40      0.40      0.40         5
         274       0.50      0.17      0.25         6
         275       0.43      0.50      0.46         6
         276       0.33      0.33      0.33         3
         277       0.75      0.60      0.67         5
         278       0.00      0.00      0.00         3
         279       0.27      0.60      0.37         5
         280       0.00      0.00      0.00         3
         281       0.50      0.40      0.44         5
         282       0.17      0.25      0.20         4
         283       0.00      0.00      0.00         3
         284       0.00      0.00      0.00         4
         285       0.00      0.00      0.00         4
         286       1.00      0.40      0.57         5
         287       0.00      0.00      0.00         4
         288       1.00      0.60      0.75         5
         289       0.75      0.50      0.60         6
         290       0.00      0.00      0.00         5
         291       0.06      0.50      0.11         6
         292       1.00      0.80      0.89         5
         293       0.25      0.40      0.31         5
         294       0.00      0.00      0.00         3
         295       0.67      1.00      0.80         6
         296       0.00      0.00      0.00         6
         297       0.57      0.67      0.62         6
         298       0.50      0.40      0.44         5
         299       0.20      1.00      0.33         3
         300       0.00      0.00      0.00         4
         301       0.29      0.50      0.36         4
         302       0.67      0.40      0.50         5
         303       0.33      0.20      0.25         5
         304       0.00      0.00      0.00         5
         305       0.10      0.33      0.15         3
         306       0.00      0.00      0.00         4
         307       0.00      0.00      0.00         6
         308       0.33      0.17      0.22         6
         309       0.00      0.00      0.00         2
         310       0.75      0.60      0.67         5
         311       0.62      0.83      0.71         6
         312       0.00      0.00      0.00         5
         313       0.00      0.00      0.00         3
         314       0.40      0.50      0.44         4
         315       0.40      0.50      0.44         4
         316       0.33      0.60      0.43         5
         317       0.25      0.25      0.25         4
         318       0.00      0.00      0.00         3
         319       0.33      0.60      0.43         5
         320       0.80      0.67      0.73         6
         321       0.67      0.33      0.44         6
         322       0.00      0.00      0.00         5
         323       0.00      0.00      0.00         5
         324       1.00      0.25      0.40         4
         325       0.67      0.80      0.73         5
         326       0.50      0.40      0.44         5
         327       0.00      0.00      0.00         6
         328       0.50      0.20      0.29         5
         329       0.67      0.40      0.50         5
         330       0.67      0.80      0.73         5
         331       0.50      0.20      0.29         5
         332       0.40      0.50      0.44         4
         333       0.43      0.50      0.46         6
         334       0.50      1.00      0.67         5
         335       0.71      0.83      0.77         6
         336       0.50      0.25      0.33         4
         337       0.00      0.00      0.00         5
         338       1.00      0.67      0.80         3
         339       0.14      1.00      0.25         2
         340       0.00      0.00      0.00         3
         341       0.22      0.67      0.33         3
         342       0.00      0.00      0.00         5
         343       0.50      0.17      0.25         6
         344       0.60      0.60      0.60         5
         345       0.00      0.00      0.00         6
         346       0.50      0.75      0.60         4
         347       0.33      1.00      0.50         1
         348       0.00      0.00      0.00         3
         349       0.67      0.50      0.57         4
         350       0.75      0.60      0.67         5
         351       0.00      0.00      0.00         3
         352       0.75      0.75      0.75         4
         353       0.33      0.17      0.22         6
         354       0.00      0.00      0.00         5
         355       0.00      0.00      0.00         5
         356       0.50      0.20      0.29         5
         357       0.50      0.50      0.50         4
         358       0.00      0.00      0.00         5
         359       0.50      0.67      0.57         6
         360       0.22      0.33      0.27         6
         361       0.00      0.00      0.00         4
         362       0.00      0.00      0.00         6
         363       0.00      0.00      0.00         4
         364       0.67      0.67      0.67         3
         365       0.00      0.00      0.00         2
         366       1.00      0.40      0.57         5
         367       0.50      0.50      0.50         4
         368       0.25      0.50      0.33         4
         369       0.00      0.00      0.00         5
         370       0.00      0.00      0.00         5
         371       0.00      0.00      0.00         5
         372       0.00      0.00      0.00         4
         373       0.00      0.00      0.00         3
         374       1.00      0.50      0.67         4
         375       0.25      0.25      0.25         4
         376       0.00      0.00      0.00         0
         377       0.00      0.00      0.00         2
         378       0.33      1.00      0.50         4
         379       0.33      0.20      0.25         5
         380       0.00      0.00      0.00         5
         381       1.00      0.20      0.33         5
         382       0.60      0.75      0.67         4
         383       0.25      0.33      0.29         3
         384       0.00      0.00      0.00         3
         385       0.62      0.83      0.71         6
         386       0.75      0.60      0.67         5
         387       0.20      0.33      0.25         6
         388       0.25      0.25      0.25         4
         389       0.33      0.25      0.29         4
         390       0.00      0.00      0.00         1
         391       0.00      0.00      0.00         3
         392       1.00      0.33      0.50         6
         393       1.00      0.40      0.57         5
         394       1.00      0.33      0.50         6
         395       0.00      0.00      0.00         2
         396       1.00      0.20      0.33         5
         397       0.00      0.00      0.00         6
         398       0.30      0.50      0.37         6
         399       1.00      0.25      0.40         4
         400       0.09      0.33      0.14         3
         401       0.00      0.00      0.00         1
         402       0.00      0.00      0.00         5
         403       0.33      0.33      0.33         6
         404       0.50      0.20      0.29         5
         405       0.00      0.00      0.00         2
         406       0.33      0.25      0.29         4
         407       0.60      0.60      0.60         5
         408       0.00      0.00      0.00         5
         409       0.75      0.50      0.60         6
         410       0.50      0.75      0.60         4
         411       0.33      0.17      0.22         6
         412       0.03      0.33      0.05         3
         413       0.00      0.00      0.00         3
         414       0.75      0.50      0.60         6
         415       0.11      0.50      0.18         2
         416       1.00      0.60      0.75         5
         417       0.67      0.40      0.50         5
         418       0.50      0.17      0.25         6
         419       0.38      0.50      0.43         6
         420       0.50      0.20      0.29         5
         421       0.00      0.00      0.00         5
         422       0.33      0.33      0.33         6
         423       0.50      0.25      0.33         4
         424       0.00      0.00      0.00         6
         425       0.40      1.00      0.57         2
         426       0.43      0.60      0.50         5
         427       0.00      0.00      0.00         0
         428       1.00      0.60      0.75         5
         429       0.00      0.00      0.00         3
         430       0.00      0.00      0.00         3
         431       0.00      0.00      0.00         5
         432       0.00      0.00      0.00         5
         433       0.33      0.60      0.43         5
         434       0.67      0.80      0.73         5
         435       0.50      0.40      0.44         5
         436       0.00      0.00      0.00         2
         437       1.00      0.25      0.40         4
         438       0.03      0.50      0.06         4
         439       0.00      0.00      0.00         4
         440       0.12      0.17      0.14         6
         441       0.00      0.00      0.00         2
         442       0.50      0.40      0.44         5
         443       0.00      0.00      0.00         3
         444       0.80      0.80      0.80         5
         445       1.00      0.25      0.40         4
         446       0.00      0.00      0.00         3
         447       0.20      0.33      0.25         3
         448       0.00      0.00      0.00         2
         449       0.00      0.00      0.00         3
         450       0.00      0.00      0.00         3
         451       0.04      0.33      0.06         6
         452       0.80      0.80      0.80         5
         453       1.00      0.60      0.75         5
         454       1.00      0.40      0.57         5
         455       0.00      0.00      0.00         4
         456       0.00      0.00      0.00         5
         457       0.67      0.80      0.73         5
         458       0.00      0.00      0.00         3
         459       0.17      0.20      0.18         5
         460       0.40      0.40      0.40         5
         461       0.20      0.50      0.29         2
         462       0.00      0.00      0.00         3
         463       0.00      0.00      0.00         5
         464       0.33      0.50      0.40         6
         465       0.75      0.60      0.67         5
         466       0.00      0.00      0.00         5
         467       0.75      0.75      0.75         4
         468       0.00      0.00      0.00         3
         469       0.00      0.00      0.00         5
         470       0.20      1.00      0.33         2
         471       0.00      0.00      0.00         3
         472       0.33      0.20      0.25         5
         473       0.75      0.60      0.67         5
         474       0.40      0.40      0.40         5
         475       0.00      0.00      0.00         3
         476       0.40      0.33      0.36         6
         477       0.00      0.00      0.00         3
         478       0.00      0.00      0.00         3
         479       1.00      1.00      1.00         6
         480       0.00      0.00      0.00         3
         481       0.43      0.75      0.55         4
         482       0.00      0.00      0.00         3
         483       0.00      0.00      0.00         5
         484       0.40      0.40      0.40         5
         485       0.33      0.40      0.36         5
         486       0.80      0.67      0.73         6
         487       0.00      0.00      0.00         4
         488       0.00      0.00      0.00         3
         489       0.50      0.25      0.33         4
         490       0.50      0.20      0.29         5
         491       0.71      0.83      0.77         6
         492       0.33      0.17      0.22         6
         493       0.50      0.25      0.33         4
         494       0.00      0.00      0.00         6
         495       0.00      0.00      0.00         2
         496       0.00      0.00      0.00         6
         497       0.00      0.00      0.00         3
         498       0.50      0.40      0.44         5
         499       0.02      0.33      0.04         3
         500       0.00      0.00      0.00         2
         501       0.40      0.33      0.36         6
         502       1.00      0.50      0.67         4
         503       0.75      0.75      0.75         4
         504       0.67      0.80      0.73         5
         505       0.50      0.20      0.29         5
         506       0.33      0.50      0.40         2
         507       0.00      0.00      0.00         4
         508       0.25      0.50      0.33         4
         509       0.00      0.00      0.00         4
         510       0.60      1.00      0.75         6
         511       0.00      0.00      0.00         3
         512       0.00      0.00      0.00         2
         513       0.50      0.40      0.44         5
         514       0.00      0.00      0.00         4
         515       0.17      0.50      0.25         2
         516       0.00      0.00      0.00         3
         517       0.00      0.00      0.00         3
         518       0.60      0.60      0.60         5
         519       0.00      0.00      0.00         4
         520       0.50      0.40      0.44         5
         521       0.33      0.40      0.36         5
         522       0.44      0.80      0.57         5
         523       0.00      0.00      0.00         4
         524       0.20      0.17      0.18         6
         525       0.22      0.33      0.27         6
         526       1.00      0.40      0.57         5
         527       0.67      0.40      0.50         5
         528       1.00      0.40      0.57         5
         529       0.00      0.00      0.00         5
         530       1.00      0.60      0.75         5
         531       0.00      0.00      0.00         0
         532       1.00      0.33      0.50         6
         533       0.67      0.33      0.44         6
         534       1.00      0.25      0.40         4
         535       0.20      0.20      0.20         5
         536       1.00      0.25      0.40         4
         537       0.00      0.00      0.00         3
         538       0.00      0.00      0.00         3
         539       0.00      0.00      0.00         5
         540       0.40      0.67      0.50         6
         541       0.20      1.00      0.33         1
         542       1.00      0.25      0.40         4
         543       0.00      0.00      0.00         5
         544       1.00      0.40      0.57         5
         545       0.67      0.67      0.67         6
         546       0.00      0.00      0.00         5
         547       0.25      0.25      0.25         4
         548       0.00      0.00      0.00         2
         549       1.00      0.25      0.40         4
         550       0.00      0.00      0.00         6
         551       0.00      0.00      0.00         4
         552       0.20      0.25      0.22         4
         553       0.01      0.50      0.02         2
         554       0.00      0.00      0.00         0
         555       0.00      0.00      0.00         4
         556       0.50      0.25      0.33         4
         557       0.33      0.20      0.25         5
         558       1.00      0.67      0.80         6
         559       0.00      0.00      0.00         2
         560       0.00      0.00      0.00         5
         561       0.50      0.40      0.44         5
         562       0.50      0.20      0.29         5
         563       0.00      0.00      0.00         3
         564       0.00      0.00      0.00         6
         565       1.00      0.40      0.57         5
         566       0.25      0.33      0.29         3
         567       0.67      0.33      0.44         6
         568       0.00      0.00      0.00         5
         569       1.00      0.20      0.33         5
         570       0.67      0.40      0.50         5
         571       0.33      0.25      0.29         4
         572       0.00      0.00      0.00         4
         573       0.00      0.00      0.00         3
         574       0.40      0.67      0.50         3
         575       0.50      0.17      0.25         6
         576       0.40      0.40      0.40         5
         577       0.33      0.33      0.33         3
         578       0.75      0.60      0.67         5
         579       0.25      0.50      0.33         4
         580       0.33      0.25      0.29         4
         581       0.50      0.50      0.50         4
         582       0.00      0.00      0.00         4
         583       0.00      0.00      0.00         3
         584       0.33      0.67      0.44         3
         585       0.00      0.00      0.00         2
         586       0.25      0.20      0.22         5
         587       0.00      0.00      0.00         0
         588       0.83      0.83      0.83         6
         589       0.67      0.50      0.57         4
         590       0.25      0.25      0.25         4
         591       0.38      0.50      0.43         6
         592       0.00      0.00      0.00         3
         593       0.00      0.00      0.00         3
         594       0.00      0.00      0.00         5
         595       0.50      0.75      0.60         4
         596       0.50      0.60      0.55         5
         597       1.00      0.50      0.67         4
         598       0.00      0.00      0.00         5
         599       0.00      0.00      0.00         4
         600       0.00      0.00      0.00         4
         601       0.18      0.40      0.25         5
         602       0.00      0.00      0.00         2
         603       1.00      0.60      0.75         5
         604       0.50      0.25      0.33         4
         605       0.50      0.17      0.25         6
         606       0.00      0.00      0.00         2
         607       0.12      0.67      0.21         6
         608       0.00      0.00      0.00         2
         609       0.04      0.80      0.07         5
         610       0.00      0.00      0.00         6
         611       0.00      0.00      0.00         1
         612       0.60      0.60      0.60         5
         613       1.00      0.33      0.50         3
         614       0.50      0.25      0.33         4
         615       0.00      0.00      0.00         0
         616       0.00      0.00      0.00         4
         617       0.83      0.83      0.83         6
         618       0.50      1.00      0.67         2
         619       0.00      0.00      0.00         0
         620       0.80      0.80      0.80         5
         621       0.00      0.00      0.00         5
         622       0.00      0.00      0.00         3
         623       0.57      0.80      0.67         5
         624       0.67      0.50      0.57         4
         625       0.00      0.00      0.00         5
         626       1.00      0.50      0.67         6
         627       1.00      0.25      0.40         4
         628       0.00      0.00      0.00         3
         629       0.00      0.00      0.00         2
         630       1.00      0.20      0.33         5
         631       0.50      0.40      0.44         5
         632       0.20      0.33      0.25         3
         633       0.00      0.00      0.00         3
         634       0.40      0.50      0.44         4
         635       0.67      0.33      0.44         6
         636       0.00      0.00      0.00         4
         637       1.00      0.20      0.33         5
         638       0.00      0.00      0.00         3
         639       0.00      0.00      0.00         1
         640       0.20      0.50      0.29         2
         641       0.20      0.20      0.20         5
         642       0.67      0.40      0.50         5
         643       0.33      0.50      0.40         2
         644       0.40      0.33      0.36         6
         645       1.00      0.60      0.75         5
         646       0.22      0.50      0.31         4
         647       0.00      0.00      0.00         5
         648       0.00      0.00      0.00         5
         649       0.33      0.33      0.33         3
         650       0.00      0.00      0.00         4
         651       0.60      0.75      0.67         4
         652       0.00      0.00      0.00         4
         653       1.00      0.40      0.57         5
         654       1.00      0.17      0.29         6
         655       0.00      0.00      0.00         3
         656       0.00      0.00      0.00         4
         657       1.00      0.33      0.50         3
         658       0.00      0.00      0.00         5
         659       0.60      0.60      0.60         5
         660       0.29      0.80      0.42         5
         661       0.00      0.00      0.00         3
         662       0.75      0.60      0.67         5
         663       0.33      0.33      0.33         3
         664       0.20      0.25      0.22         4
         665       0.00      0.00      0.00         5
         666       0.00      0.00      0.00         5
         667       0.50      0.40      0.44         5
         668       0.33      0.50      0.40         4
         669       0.57      1.00      0.73         4
         670       0.67      0.50      0.57         4
         671       0.00      0.00      0.00         5
         672       0.00      0.00      0.00         4
         673       0.00      0.00      0.00         4
         674       0.50      0.33      0.40         6
         675       0.25      0.17      0.20         6
         676       0.00      0.00      0.00         5
         677       0.09      0.33      0.14         6
         678       0.00      0.00      0.00         4
         679       0.33      0.25      0.29         4
         680       0.57      0.80      0.67         5
         681       0.50      0.20      0.29         5
         682       1.00      0.20      0.33         5
         683       1.00      0.60      0.75         5
         684       0.33      0.17      0.22         6
         685       0.00      0.00      0.00         5
         686       0.50      0.20      0.29         5
         687       0.67      1.00      0.80         4
         688       0.50      0.33      0.40         3
         689       0.50      0.80      0.62         5
         690       0.17      0.20      0.18         5
         691       0.00      0.00      0.00         3
         692       0.00      0.00      0.00         4
         693       0.33      0.40      0.36         5
         694       0.00      0.00      0.00         4
         695       0.60      0.50      0.55         6
         696       0.00      0.00      0.00         6
         697       0.00      0.00      0.00         5
         698       1.00      0.33      0.50         3
         699       0.80      0.80      0.80         5
         700       0.04      0.50      0.07         2
         701       1.00      0.40      0.57         5
         702       0.00      0.00      0.00         2
         703       1.00      0.20      0.33         5
         704       1.00      0.33      0.50         3
         705       0.33      0.20      0.25         5
         706       0.00      0.00      0.00         4
         707       0.00      0.00      0.00         3
         708       0.00      0.00      0.00         2
         709       0.50      1.00      0.67         1
         710       0.00      0.00      0.00         5
         711       0.00      0.00      0.00         6
         712       0.00      0.00      0.00         5
         713       0.14      0.20      0.17         5
         714       1.00      0.20      0.33         5
         715       0.25      0.20      0.22         5
         716       0.40      0.50      0.44         4
         717       0.00      0.00      0.00         4
         718       0.00      0.00      0.00         5
         719       0.00      0.00      0.00         5
         720       0.40      0.33      0.36         6
         721       0.50      0.50      0.50         2
         722       0.00      0.00      0.00         3
         723       0.00      0.00      0.00         3
         724       0.50      0.17      0.25         6
         725       0.00      0.00      0.00         3
         726       0.00      0.00      0.00         4
         727       0.67      0.50      0.57         4
         728       0.00      0.00      0.00         6
         729       0.33      0.20      0.25         5
         730       1.00      0.20      0.33         5
         731       0.00      0.00      0.00         3
         732       0.00      0.00      0.00         4
         733       0.00      0.00      0.00         5
         734       0.00      0.00      0.00         5
         735       0.33      0.20      0.25         5
         736       0.00      0.00      0.00         6
         737       0.20      0.33      0.25         3
         738       1.00      0.67      0.80         3
         739       0.67      0.67      0.67         6
         740       0.57      0.67      0.62         6
         741       1.00      0.50      0.67         4
         742       0.33      0.17      0.22         6
         743       0.00      0.00      0.00         4
         744       0.00      0.00      0.00         5
         745       1.00      0.50      0.67         4
         746       0.33      0.20      0.25         5
         747       0.00      0.00      0.00         5
         748       0.25      0.33      0.29         6
         749       0.00      0.00      0.00         3
         750       0.50      0.20      0.29         5
         751       0.00      0.00      0.00         3
         752       0.33      0.20      0.25         5
         753       0.67      0.40      0.50         5
         754       0.00      0.00      0.00         6
         755       0.50      0.25      0.33         4
         756       1.00      0.33      0.50         6
         757       0.00      0.00      0.00         5
         758       0.12      0.20      0.15         5
         759       1.00      0.20      0.33         5
         760       0.50      0.17      0.25         6
         761       1.00      0.25      0.40         4
         762       0.00      0.00      0.00         4
         763       0.00      0.00      0.00         2
         764       0.25      0.25      0.25         4
         765       0.50      0.60      0.55         5
         766       0.19      0.80      0.31         5
         767       0.00      0.00      0.00         2
         768       0.00      0.00      0.00         5
         769       0.25      0.20      0.22         5
         770       0.00      0.00      0.00         3
         771       1.00      0.60      0.75         5
         772       0.67      0.40      0.50         5
         773       0.25      0.60      0.35         5
         774       0.00      0.00      0.00         5
         775       0.43      0.50      0.46         6
         776       0.50      0.20      0.29         5
         777       0.00      0.00      0.00         5
         778       1.00      1.00      1.00         2
         779       0.67      0.40      0.50         5
         780       0.00      0.00      0.00         5
         781       0.00      0.00      0.00         3
         782       0.67      0.40      0.50         5
         783       0.67      0.80      0.73         5
         784       0.50      0.17      0.25         6
         785       0.50      1.00      0.67         5
         786       0.50      0.25      0.33         4
         787       0.00      0.00      0.00         2
         788       0.33      0.50      0.40         2
         789       0.38      0.83      0.53         6
         790       0.00      0.00      0.00         3
         791       0.11      0.20      0.14         5
         792       0.25      0.33      0.29         3
         793       0.00      0.00      0.00         3
         794       0.00      0.00      0.00         0
         795       0.00      0.00      0.00         3
         796       0.07      1.00      0.12         1
         797       1.00      0.20      0.33         5
         798       0.00      0.00      0.00         3
         799       0.50      0.17      0.25         6
         800       0.00      0.00      0.00         2
         801       0.60      0.60      0.60         5
         802       0.27      0.50      0.35         6
         803       0.00      0.00      0.00         6
         804       0.75      0.60      0.67         5
         805       0.17      0.25      0.20         4
         806       0.00      0.00      0.00         4
         807       0.00      0.00      0.00         5
         808       0.80      0.80      0.80         5
         809       0.50      0.20      0.29         5
         810       0.50      0.40      0.44         5
         811       0.00      0.00      0.00         4
         812       0.14      0.33      0.20         3
         813       1.00      0.33      0.50         3
         814       0.00      0.00      0.00         4
         815       0.33      0.20      0.25         5
         816       0.00      0.00      0.00         2
         817       0.25      0.25      0.25         4
         818       0.23      0.60      0.33         5
         819       0.03      1.00      0.05         1
         820       0.17      0.33      0.22         3
         821       1.00      0.33      0.50         6
         822       1.00      0.33      0.50         6
         823       0.12      0.20      0.15         5
         824       0.00      0.00      0.00         5
         825       0.00      0.00      0.00         3
         826       0.00      0.00      0.00         0
         827       0.33      0.40      0.36         5
         828       1.00      0.25      0.40         4
         829       0.00      0.00      0.00         4
         830       0.23      0.60      0.33         5
         831       1.00      0.83      0.91         6
         832       0.50      0.25      0.33         4
         833       0.00      0.00      0.00         3
         834       0.11      1.00      0.20         1
         835       0.00      0.00      0.00         4
         836       0.83      0.83      0.83         6
         837       0.75      0.60      0.67         5
         838       1.00      0.20      0.33         5
         839       1.00      0.20      0.33         5
         840       0.00      0.00      0.00         3
         841       0.00      0.00      0.00         5
         842       0.60      0.50      0.55         6
         843       0.00      0.00      0.00         3
         844       0.25      0.40      0.31         5
         845       0.50      0.25      0.33         4
         846       0.08      1.00      0.15         1
         847       0.20      0.20      0.20         5
         848       0.50      0.25      0.33         4
         849       0.00      0.00      0.00         2
         850       0.00      0.00      0.00         3
         851       0.00      0.00      0.00         3
         852       0.00      0.00      0.00         2
         853       1.00      0.60      0.75         5
         854       1.00      0.50      0.67         6
         855       0.50      0.25      0.33         4
         856       0.00      0.00      0.00         3
         857       0.27      0.60      0.37         5
         858       0.33      0.50      0.40         4
         859       0.40      0.40      0.40         5
         860       0.00      0.00      0.00         3
         861       0.67      0.67      0.67         3
         862       1.00      0.20      0.33         5
         863       0.50      0.25      0.33         4
         864       0.33      0.40      0.36         5
         865       0.00      0.00      0.00         0
         866       0.33      0.33      0.33         3
         867       0.60      0.60      0.60         5
         868       0.43      0.75      0.55         4
         869       0.25      0.25      0.25         4
         870       0.00      0.00      0.00         5
         871       0.33      0.17      0.22         6
         872       1.00      0.60      0.75         5
         873       0.57      1.00      0.73         4
         874       0.00      0.00      0.00         3
         875       0.00      0.00      0.00         5
         876       0.60      0.60      0.60         5
         877       0.14      0.20      0.17         5
         878       0.50      0.17      0.25         6
         879       0.50      0.33      0.40         3
         880       0.00      0.00      0.00         3
         881       1.00      0.33      0.50         3
         882       0.50      0.25      0.33         4
         883       0.00      0.00      0.00         4
         884       0.50      0.60      0.55         5
         885       0.00      0.00      0.00         3
         886       0.00      0.00      0.00         4
         887       0.67      0.33      0.44         6
         888       0.67      0.40      0.50         5
         889       0.25      0.20      0.22         5
         890       0.33      0.20      0.25         5
         891       0.80      0.67      0.73         6
         892       0.00      0.00      0.00         3
         893       0.50      0.33      0.40         3
         894       0.00      0.00      0.00         5
         895       0.25      0.20      0.22         5
         896       0.50      0.20      0.29         5
         897       0.00      0.00      0.00         5
         898       0.50      0.20      0.29         5
         899       0.80      0.67      0.73         6
         900       0.00      0.00      0.00         2
         901       1.00      0.20      0.33         5
         902       0.33      0.40      0.36         5
         903       0.00      0.00      0.00         4
         904       0.75      0.50      0.60         6
         905       0.00      0.00      0.00         2
         906       0.43      0.75      0.55         4
         907       0.25      0.40      0.31         5
         908       0.00      0.00      0.00         3
         909       0.00      0.00      0.00         3
         910       0.33      0.20      0.25         5
         911       0.14      0.40      0.21         5
         912       0.00      0.00      0.00         1
         913       0.80      0.67      0.73         6
         914       0.33      0.25      0.29         4
         915       0.40      0.80      0.53         5
         916       0.67      0.80      0.73         5
         917       0.50      0.33      0.40         6
         918       0.00      0.00      0.00         5
         919       1.00      0.40      0.57         5
         920       0.25      0.25      0.25         4
         921       0.50      1.00      0.67         1
         922       0.00      0.00      0.00         4
         923       1.00      0.17      0.29         6
         924       0.43      0.75      0.55         4
         925       0.67      0.67      0.67         6
         926       0.33      0.17      0.22         6
         927       0.00      0.00      0.00         5
         928       0.00      0.00      0.00         5
         929       0.25      0.20      0.22         5
         930       0.00      0.00      0.00         3
         931       0.12      0.33      0.18         3
         932       0.00      0.00      0.00         3
         933       1.00      0.17      0.29         6
         934       1.00      0.50      0.67         6
         935       1.00      0.25      0.40         4
         936       0.14      0.17      0.15         6
         937       0.38      0.75      0.50         4
         938       0.00      0.00      0.00         2
         939       0.00      0.00      0.00         2
         940       1.00      0.20      0.33         5
         941       0.50      0.33      0.40         3
         942       0.00      0.00      0.00         3
         943       0.40      0.67      0.50         3
         944       0.56      1.00      0.71         5
         945       0.75      0.60      0.67         5
         946       1.00      0.20      0.33         5
         947       0.00      0.00      0.00         2
         948       0.00      0.00      0.00         4
         949       0.00      0.00      0.00         3
         950       1.00      0.17      0.29         6
         951       0.57      0.80      0.67         5
         952       0.00      0.00      0.00         3
         953       0.00      0.00      0.00         3
         954       0.00      0.00      0.00         3
         955       0.00      0.00      0.00         3
         956       0.50      0.20      0.29         5
         957       0.00      0.00      0.00         3
         958       0.38      1.00      0.55         3
         959       0.00      0.00      0.00         5
         960       0.40      0.40      0.40         5
         961       0.00      0.00      0.00         4
         962       0.00      0.00      0.00         4
         963       0.80      0.80      0.80         5
         964       1.00      1.00      1.00         3
         965       0.38      0.50      0.43         6
         966       1.00      0.40      0.57         5
         967       0.50      0.20      0.29         5
         968       0.00      0.00      0.00         3
         969       0.00      0.00      0.00         3
         970       0.00      0.00      0.00         2
         971       0.00      0.00      0.00         2
         972       0.40      0.33      0.36         6
         973       0.75      0.50      0.60         6
         974       0.00      0.00      0.00         6
         975       0.75      0.60      0.67         5
         976       0.40      0.40      0.40         5
         977       0.00      0.00      0.00         2
         978       0.67      0.40      0.50         5
         979       0.33      0.50      0.40         4
         980       0.00      0.00      0.00         2
         981       1.00      0.33      0.50         3
         982       0.20      1.00      0.33         1
         983       0.00      0.00      0.00         4
         984       0.75      0.60      0.67         5
         985       0.17      0.25      0.20         4
         986       0.00      0.00      0.00         2
         987       0.00      0.00      0.00         3
         988       0.50      0.40      0.44         5
         989       0.29      0.40      0.33         5
         990       0.60      0.60      0.60         5
         991       0.00      0.00      0.00         3
         992       0.00      0.00      0.00         3
         993       0.00      0.00      0.00         4
         994       0.00      0.00      0.00         3
         995       1.00      0.25      0.40         4
         996       0.75      0.75      0.75         4
         997       0.00      0.00      0.00         4
         998       0.50      0.20      0.29         5
         999       0.17      0.17      0.17         6
        1000       0.33      0.17      0.22         6
        1001       1.00      0.17      0.29         6
        1002       1.00      0.33      0.50         6
        1003       0.50      0.60      0.55         5
        1004       0.00      0.00      0.00         3
        1005       0.00      0.00      0.00         5
        1006       0.40      0.33      0.36         6
        1007       1.00      0.17      0.29         6
        1008       0.00      0.00      0.00         2
        1009       1.00      0.17      0.29         6
        1010       0.14      0.33      0.20         3
        1011       0.00      0.00      0.00         4
        1012       1.00      0.40      0.57         5
        1013       0.14      0.75      0.23         4
        1014       0.67      0.50      0.57         4
        1015       0.00      0.00      0.00         2
        1016       0.40      0.40      0.40         5
        1017       0.67      0.33      0.44         6
        1018       0.29      0.40      0.33         5
        1019       0.50      0.50      0.50         6
        1020       0.50      0.50      0.50         2
        1021       0.00      0.00      0.00         5
        1022       0.00      0.00      0.00         2
        1023       0.67      0.67      0.67         6
        1024       0.13      0.67      0.22         6
        1025       0.40      0.40      0.40         5
        1026       1.00      0.67      0.80         6
        1027       0.75      0.60      0.67         5
        1028       0.00      0.00      0.00         4
        1029       0.50      0.33      0.40         6
        1030       0.00      0.00      0.00         2
        1031       0.50      0.20      0.29         5
        1032       0.00      0.00      0.00         4
        1033       0.25      0.40      0.31         5
        1034       1.00      0.50      0.67         2
        1035       0.00      0.00      0.00         3
        1036       0.00      0.00      0.00         4
        1037       0.12      0.20      0.15         5
        1038       0.00      0.00      0.00         3
        1039       0.00      0.00      0.00         5
        1040       1.00      0.50      0.67         2
        1041       0.67      0.40      0.50         5
        1042       0.00      0.00      0.00         2
        1043       0.00      0.00      0.00         3
        1044       0.00      0.00      0.00         5
        1045       0.25      0.40      0.31         5
        1046       0.50      0.20      0.29         5
        1047       0.50      0.33      0.40         3
        1048       0.00      0.00      0.00         3
        1049       0.67      0.40      0.50         5
        1050       0.20      0.33      0.25         6
        1051       0.00      0.00      0.00         5
        1052       0.60      0.60      0.60         5
        1053       0.00      0.00      0.00         5
        1054       0.00      0.00      0.00         3
        1055       0.50      0.20      0.29         5
        1056       0.00      0.00      0.00         3
        1057       0.50      1.00      0.67         2
        1058       0.00      0.00      0.00         3
        1059       1.00      0.50      0.67         4
        1060       0.00      0.00      0.00         5
        1061       0.00      0.00      0.00         3
        1062       0.33      0.25      0.29         4
        1063       0.50      0.17      0.25         6
        1064       0.75      0.60      0.67         5
        1065       0.20      0.50      0.29         2
        1066       0.00      0.00      0.00         3
        1067       1.00      0.20      0.33         5
        1068       0.75      0.50      0.60         6
        1069       0.00      0.00      0.00         2
        1070       0.57      0.80      0.67         5
        1071       0.40      1.00      0.57         4
        1072       1.00      0.17      0.29         6
        1073       0.00      0.00      0.00         3
        1074       0.00      0.00      0.00         5
        1075       0.50      0.20      0.29         5
        1076       0.00      0.00      0.00         6
        1077       0.18      0.33      0.24         6
        1078       0.00      0.00      0.00         1
        1079       0.50      0.25      0.33         4
        1080       0.00      0.00      0.00         5
        1081       0.50      0.20      0.29         5
        1082       1.00      0.25      0.40         4
        1083       0.25      0.20      0.22         5
        1084       0.44      0.67      0.53         6
        1085       0.20      0.20      0.20         5
        1086       0.00      0.00      0.00         5
        1087       0.50      0.20      0.29         5
        1088       0.00      0.00      0.00         4
        1089       0.50      0.20      0.29         5
        1090       0.33      0.20      0.25         5
        1091       0.50      0.20      0.29         5
        1092       0.50      0.60      0.55         5
        1093       0.00      0.00      0.00         3
        1094       0.80      0.67      0.73         6
        1095       0.00      0.00      0.00         2
        1096       0.67      0.67      0.67         6
        1097       0.75      0.60      0.67         5
        1098       0.25      0.33      0.29         3
        1099       0.75      0.75      0.75         4
        1100       0.50      0.20      0.29         5
        1101       0.00      0.00      0.00         3
        1102       1.00      0.25      0.40         4
        1103       0.83      0.83      0.83         6
        1104       1.00      0.50      0.67         4
        1105       0.00      0.00      0.00         0
        1106       0.00      0.00      0.00         3
        1107       0.00      0.00      0.00         4
        1108       0.33      0.17      0.22         6
        1109       0.00      0.00      0.00         4
        1110       0.57      0.80      0.67         5
        1111       0.67      0.40      0.50         5
        1112       1.00      0.17      0.29         6
        1113       0.40      0.40      0.40         5
        1114       0.00      0.00      0.00         0
        1115       0.00      0.00      0.00         4
        1116       1.00      0.33      0.50         3
        1117       0.00      0.00      0.00         2
        1118       0.00      0.00      0.00         5
        1119       0.50      0.20      0.29         5
        1120       0.00      0.00      0.00         4
        1121       0.00      0.00      0.00         1
        1122       0.25      0.50      0.33         4
        1123       0.67      0.33      0.44         6
        1124       0.00      0.00      0.00         6
        1125       0.00      0.00      0.00         5
        1126       0.36      0.80      0.50         5
        1127       0.00      0.00      0.00         5
        1128       0.50      0.40      0.44         5
        1129       0.38      0.75      0.50         4
        1130       0.67      0.33      0.44         6
        1131       1.00      0.50      0.67         6
        1132       0.75      0.75      0.75         4
        1133       0.20      0.20      0.20         5
        1134       1.00      0.60      0.75         5
        1135       0.33      0.20      0.25         5
        1136       0.00      0.00      0.00         3
        1137       0.00      0.00      0.00         4
        1138       0.67      0.67      0.67         6
        1139       0.00      0.00      0.00         5
        1140       1.00      0.60      0.75         5
        1141       0.20      0.50      0.29         2
        1142       0.50      0.50      0.50         4
        1143       0.00      0.00      0.00         5
        1144       0.86      1.00      0.92         6
        1145       0.00      0.00      0.00         4
        1146       0.00      0.00      0.00         5
        1147       0.33      0.25      0.29         4
        1148       1.00      0.25      0.40         4
        1149       0.25      0.40      0.31         5
        1150       0.40      0.40      0.40         5
        1151       0.33      0.50      0.40         4
        1152       0.00      0.00      0.00         5
        1153       0.50      0.17      0.25         6
        1154       0.50      0.33      0.40         3
        1155       0.44      0.80      0.57         5
        1156       0.00      0.00      0.00         3
        1157       0.00      0.00      0.00         6
        1158       0.67      0.40      0.50         5
        1159       1.00      0.60      0.75         5
        1160       1.00      0.25      0.40         4
        1161       0.00      0.00      0.00         6
        1162       0.50      0.33      0.40         3
        1163       0.25      0.25      0.25         4
        1164       0.67      0.40      0.50         5
        1165       0.33      0.50      0.40         6
        1166       0.00      0.00      0.00         2
        1167       0.33      1.00      0.50         1
        1168       0.00      0.00      0.00         4
        1169       0.83      1.00      0.91         5
        1170       0.43      0.60      0.50         5
        1171       0.00      0.00      0.00         2
        1172       0.00      0.00      0.00         2
        1173       1.00      0.20      0.33         5
        1174       0.00      0.00      0.00         3
        1175       0.67      0.33      0.44         6
        1176       1.00      0.33      0.50         6
        1177       0.75      0.50      0.60         6
        1178       0.50      0.25      0.33         4
        1179       0.00      0.00      0.00         4
        1180       0.33      0.75      0.46         4
        1181       0.00      0.00      0.00         3
        1182       0.00      0.00      0.00         0
        1183       0.00      0.00      0.00         5
        1184       1.00      0.60      0.75         5
        1185       0.67      0.50      0.57         4
        1186       0.00      0.00      0.00         3
        1187       0.50      0.20      0.29         5
        1188       0.00      0.00      0.00         5
        1189       0.00      0.00      0.00         2
        1190       0.40      0.40      0.40         5
        1191       0.00      0.00      0.00         3
        1192       0.00      0.00      0.00         4
        1193       0.00      0.00      0.00         3
        1194       0.00      0.00      0.00         4
        1195       0.60      0.60      0.60         5
        1196       0.17      0.25      0.20         4
        1197       0.00      0.00      0.00         2
        1198       0.33      0.40      0.36         5
        1199       0.00      0.00      0.00         6
        1200       0.20      0.25      0.22         4
        1201       0.00      0.00      0.00         1
        1202       0.00      0.00      0.00         6
        1203       0.00      0.00      0.00         0
        1204       0.00      0.00      0.00         3
        1205       0.50      0.50      0.50         6
        1206       0.67      0.33      0.44         6
        1207       0.33      0.20      0.25         5
        1208       0.00      0.00      0.00         3
        1209       1.00      0.60      0.75         5
        1210       0.00      0.00      0.00         4
        1211       0.00      0.00      0.00         2
        1212       0.25      0.20      0.22         5
        1213       0.33      0.20      0.25         5
        1214       0.00      0.00      0.00         1
        1215       0.50      0.40      0.44         5
        1216       0.86      1.00      0.92         6
        1217       0.00      0.00      0.00         4
        1218       0.67      0.67      0.67         6
        1219       0.00      0.00      0.00         5
        1220       1.00      0.50      0.67         6
        1221       0.00      0.00      0.00         2
        1222       1.00      0.25      0.40         4
        1223       0.33      0.20      0.25         5
        1224       0.75      0.50      0.60         6
        1225       1.00      1.00      1.00         3
        1226       0.30      0.60      0.40         5
        1227       1.00      0.67      0.80         6
        1228       0.00      0.00      0.00         3
        1229       0.17      0.20      0.18         5
        1230       1.00      0.20      0.33         5
        1231       0.67      0.33      0.44         6
        1232       0.00      0.00      0.00         3
        1233       0.09      0.25      0.13         4
        1234       0.00      0.00      0.00         4
        1235       0.00      0.00      0.00         1
        1236       0.10      0.20      0.13         5
        1237       0.00      0.00      0.00         4
        1238       0.00      0.00      0.00         4
        1239       0.00      0.00      0.00         4
        1240       0.00      0.00      0.00         4
        1241       0.75      0.60      0.67         5
        1242       0.50      0.80      0.62         5
        1243       1.00      0.20      0.33         5
        1244       0.33      0.75      0.46         4
        1245       0.12      0.50      0.19         6
        1246       0.00      0.00      0.00         2
        1247       0.07      0.17      0.10         6
        1248       0.33      0.20      0.25         5
        1249       0.00      0.00      0.00         5
        1250       0.33      0.33      0.33         3
        1251       0.00      0.00      0.00         0
        1252       0.00      0.00      0.00         2
        1253       0.11      0.25      0.15         4
        1254       1.00      0.20      0.33         5
        1255       0.00      0.00      0.00         3
        1256       0.50      0.25      0.33         4
        1257       0.40      0.50      0.44         4
        1258       0.50      0.40      0.44         5
        1259       0.33      0.40      0.36         5
        1260       0.00      0.00      0.00         1
        1261       1.00      1.00      1.00         5
        1262       0.67      0.40      0.50         5
        1263       0.20      0.33      0.25         3
        1264       0.50      0.33      0.40         3
        1265       0.00      0.00      0.00         6
        1266       0.40      0.40      0.40         5
        1267       0.00      0.00      0.00         4
        1268       0.33      0.60      0.43         5
        1269       0.12      0.20      0.15         5
        1270       0.67      0.40      0.50         5
        1271       0.00      0.00      0.00         4
        1272       0.00      0.00      0.00         5
        1273       1.00      0.75      0.86         4
        1274       0.25      0.25      0.25         4
        1275       1.00      0.20      0.33         5
        1276       1.00      0.25      0.40         4
        1277       0.19      0.50      0.27         6
        1278       0.25      0.20      0.22         5
        1279       0.00      0.00      0.00         3
        1280       0.20      0.17      0.18         6
        1281       0.00      0.00      0.00         3
        1282       0.50      0.25      0.33         4
        1283       0.60      0.60      0.60         5
        1284       0.00      0.00      0.00         4
        1285       0.00      0.00      0.00         3
        1286       0.33      0.60      0.43         5
        1287       0.60      0.50      0.55         6
        1288       0.25      0.33      0.29         3
        1289       0.00      0.00      0.00         2
        1290       0.00      0.00      0.00         5
        1291       0.00      0.00      0.00         5
        1292       0.50      0.50      0.50         4
        1293       0.00      0.00      0.00         2
        1294       0.00      0.00      0.00         5
        1295       0.75      0.60      0.67         5
        1296       0.25      0.25      0.25         4
        1297       1.00      0.20      0.33         5
        1298       0.00      0.00      0.00         5
        1299       0.67      0.40      0.50         5
        1300       0.00      0.00      0.00         5
        1301       0.00      0.00      0.00         3
        1302       0.00      0.00      0.00         2
        1303       0.57      0.67      0.62         6
        1304       0.00      0.00      0.00         3
        1305       0.00      0.00      0.00         5
        1306       0.08      0.20      0.12         5
        1307       0.83      0.83      0.83         6
        1308       0.15      0.40      0.22         5
        1309       0.00      0.00      0.00         0
        1310       0.14      0.20      0.17         5
        1311       1.00      0.25      0.40         4
        1312       0.40      0.67      0.50         3
        1313       1.00      0.20      0.33         5
        1314       0.60      0.60      0.60         5
        1315       0.33      0.50      0.40         4
        1316       0.25      0.20      0.22         5
        1317       0.25      0.33      0.29         3
        1318       0.50      0.40      0.44         5
        1319       0.00      0.00      0.00         5
        1320       0.20      0.33      0.25         3
        1321       0.50      0.20      0.29         5
        1322       0.83      1.00      0.91         5
        1323       0.00      0.00      0.00         2
        1324       0.40      0.33      0.36         6
        1325       0.00      0.00      0.00         6
        1326       0.00      0.00      0.00         4
        1327       0.43      0.60      0.50         5
        1328       0.00      0.00      0.00         6
        1329       0.67      1.00      0.80         6
        1330       0.50      0.50      0.50         2
        1331       0.07      0.25      0.11         4
        1332       1.00      0.67      0.80         6
        1333       0.60      0.60      0.60         5
        1334       0.00      0.00      0.00         6
        1335       0.50      0.20      0.29         5
        1336       0.00      0.00      0.00         2
        1337       0.00      0.00      0.00         5
        1338       1.00      0.20      0.33         5
        1339       0.15      0.50      0.24         4
        1340       0.00      0.00      0.00         3
        1341       0.50      0.50      0.50         2
        1342       0.00      0.00      0.00         4
        1343       0.00      0.00      0.00         4
        1344       0.33      0.25      0.29         4
        1345       0.00      0.00      0.00         5
        1346       0.33      0.25      0.29         4
        1347       0.25      0.25      0.25         4
        1348       1.00      0.33      0.50         3
        1349       0.33      0.20      0.25         5
        1350       0.00      0.00      0.00         5
        1351       0.12      0.20      0.15         5
        1352       1.00      0.17      0.29         6
        1353       0.00      0.00      0.00         4
        1354       1.00      0.20      0.33         5
        1355       0.50      0.67      0.57         3
        1356       0.75      0.75      0.75         4
        1357       0.33      0.50      0.40         6
        1358       0.75      0.60      0.67         5
        1359       1.00      0.50      0.67         2
        1360       0.20      0.17      0.18         6
        1361       0.50      0.67      0.57         3
        1362       0.33      0.33      0.33         3
        1363       0.00      0.00      0.00         3
        1364       0.00      0.00      0.00         3
        1365       0.00      0.00      0.00         5
        1366       0.60      0.60      0.60         5
        1367       0.40      0.50      0.44         4
        1368       0.33      0.17      0.22         6
        1369       0.00      0.00      0.00         3
        1370       0.33      0.67      0.44         3
        1371       0.00      0.00      0.00         3
        1372       1.00      0.33      0.50         6
        1373       0.50      0.20      0.29         5
        1374       0.00      0.00      0.00         4
        1375       0.50      0.50      0.50         4
        1376       0.57      0.80      0.67         5
        1377       0.33      0.33      0.33         3
        1378       0.00      0.00      0.00         2
        1379       0.00      0.00      0.00         4
        1380       0.00      0.00      0.00         5
        1381       0.00      0.00      0.00         1
        1382       0.10      0.25      0.14         4
        1383       1.00      0.20      0.33         5
        1384       0.29      0.33      0.31         6
        1385       0.00      0.00      0.00         5
        1386       0.00      0.00      0.00         3
        1387       0.50      0.50      0.50         4
        1388       0.00      0.00      0.00         4
        1389       0.25      0.33      0.29         3
        1390       0.00      0.00      0.00         5
        1391       0.00      0.00      0.00         3
        1392       0.14      0.40      0.21         5
        1393       0.00      0.00      0.00         2
        1394       0.00      0.00      0.00         5
        1395       0.50      1.00      0.67         2
        1396       0.20      0.20      0.20         5
        1397       0.50      0.20      0.29         5

   micro avg       0.30      0.30      0.30      5978
   macro avg       0.34      0.28      0.27      5978
weighted avg       0.38      0.30      0.30      5978
